#' Discord Color Codes
#'
#' A list of common Discord embed colors
#'
#' @format A list with color names and their integer codes
#' @export
#'
#' @examples
#' discord_colors$green  # 3066993
#' discord_colors$red    # 15158332
discord_colors <- list(
  green = 3066993,
  yellow = 16776960,
  red = 15158332,
  blue = 3447003,
  purple = 10181046,
  orange = 15105570,
  black = 2303786
)
